0.000000000000000000e+00 2.008275483936676764e+00 3.230337196955469281e+00 4.101385931846726507e+00 4.801781740477739646e+00
1.000000000000000021e-02 2.008068151153669767e+00 3.229747186696763972e+00 4.100159626999296592e+00 4.799775968064206033e+00
2.000000000000000042e-02 2.007446695148614957e+00 3.227979916865045595e+00 4.096493063565172399e+00 4.793791179743053910e+00
2.999999999999999889e-02 2.006410197554103103e+00 3.225043842244017078e+00 4.090422920140968976e+00 4.783923727521741220e+00
4.000000000000000083e-02 2.004958022472480561e+00 3.220952632699761065e+00 4.082009032634732471e+00 4.770328563258092736e+00
5.000000000000000278e-02 2.003089704417287731e+00 3.215725175370459432e+00 4.071332539613153223e+00 4.753212006998695394e+00
5.999999999999999778e-02 2.000803228094836239e+00 3.209384971251099561e+00 4.058493395787509783e+00 4.732821923856372237e+00
7.000000000000000666e-02 1.998097415066612648e+00 3.201959732691215255e+00 4.043607369079711411e+00 4.709436606679610726e+00
8.000000000000000167e-02 1.994970594742136560e+00 3.193480822677824627e+00 4.026802686328206704e+00 4.683353515969108649e+00
8.999999999999999667e-02 1.991420480879317667e+00 3.183982654983436689e+00 4.008216487189437238e+00 4.654878301895839954e+00
1.000000000000000056e-01 1.987444201505755625e+00 3.173502075107660580e+00 3.987991321744552842e+00 4.624314421563697763e+00
1.100000000000000006e-01 1.983040020635485678e+00 3.162077705388534277e+00 3.966271769852821372e+00 4.591955753424326936e+00
1.199999999999999956e-01 1.978204101775319135e+00 3.149749399811223594e+00 3.943201389975464100e+00 4.558079440341781030e+00
1.300000000000000044e-01 1.972933243797497127e+00 3.136557569908856369e+00 3.918920073827671047e+00 4.522942349331175116e+00
1.400000000000000133e-01 1.967223685682091494e+00 3.122542730863189231e+00 3.893561956419497427e+00 4.486776908747706294e+00
1.499999999999999944e-01 1.961071761071446762e+00 3.107744963762949730e+00 3.867253739040496630e+00 4.449792580926038355e+00
1.600000000000000033e-01 1.954472753314011380e+00 3.092203516527091800e+00 3.840113553172464833e+00 4.412172717506181563e+00
1.700000000000000122e-01 1.947422197418680501e+00 3.075956425711949827e+00 3.812250314427432674e+00 4.374077741363314509e+00
1.799999999999999933e-01 1.939914677820187672e+00 3.059040258469650997e+00 3.783763394293291782e+00 4.335645719145798438e+00
1.900000000000000022e-01 1.931944876270094369e+00 3.041489875773777385e+00 3.754742688145704221e+00 4.296995149874590858e+00
2.000000000000000111e-01 1.923506926194320954e+00 3.023338233204778458e+00 3.725268870941300658e+00 4.258225077020827420e+00
2.099999999999999922e-01 1.914594425415887535e+00 3.004616272989645509e+00 3.695413949535125475e+00 4.219419017225371604e+00
2.200000000000000011e-01 1.905200447694790133e+00 2.985352945326496865e+00 3.665241729239165913e+00 4.180645892667046226e+00
2.300000000000000100e-01 1.895318072864420555e+00 2.965575125564356540e+00 3.634808609093353127e+00 4.141961916604400606e+00
2.399999999999999911e-01 1.884939505231633561e+00 2.945307515699884693e+00 3.604164247637303031e+00 4.103413064583102177e+00
2.500000000000000000e-01 1.874055976906203513e+00 2.924572903758557718e+00 3.573352149959294621e+00 4.065037629745978265e+00
2.600000000000000089e-01 1.862659540349610454e+00 2.903392128357974222e+00 3.542410423199781722e+00 4.026863410524531339e+00
2.700000000000000178e-01 1.850739721381196023e+00 2.881784101636774231e+00 3.511372482300739506e+00 3.988913823135276537e+00
2.800000000000000266e-01 1.838287465850431124e+00 2.859765800964590987e+00 3.480267099531954234e+00 3.951207841105903729e+00
2.899999999999999800e-01 1.825290953770366986e+00 2.837352860565010459e+00 3.449119276068078666e+00 3.913758001843043566e+00
2.999999999999999889e-01 1.811739767916444421e+00 2.814558814900147699e+00 3.417950615988622598e+00 3.876574558120400305e+00
